{
 "cells": [
  {
   "cell_type": "code",
   "execution_count": 9,
   "id": "2c397777",
   "metadata": {},
   "outputs": [],
   "source": [
    "import numpy as np\n",
    "from numpy import linalg as la\n",
    "\n",
    "def Householder(A):\n",
    "    \"\"\"Computes a QR-decomposition of the given matrix using the Householder \n",
    "       algorithm.\n",
    "      \\return A pair (NormalList,R) where NormalList is a list of Householder \n",
    "              normal vectors and R is an upper triangular matrix shaped like A.\n",
    "      \\sa ComputeQ \"\"\"\n",
    "    # TODO: Implement the function\n",
    "    m, n = A.shape\n",
    "    R = A.copy()\n",
    "    \n",
    "    vList = []\n",
    "    \n",
    "    for j in range(0,n):\n",
    "        #definiere a\n",
    "        a = np.zeros((m-j,1))\n",
    "        for i in range(0,m-j):\n",
    "            a[i] = R[i+j,j]\n",
    " \n",
    "        #definiere v aus a\n",
    "        e = np.zeros((len(a),1))\n",
    "        e[0] = np.copysign(np.linalg.norm(a), a[0] )\n",
    "        v = a + e\n",
    "        \n",
    "        \n",
    "        #adding v in Matrix\n",
    "        vList.append(v[:])\n",
    "        \n",
    "        #definiere H\n",
    "        H = np.eye(v.shape[0])\n",
    "        H -= 2*(np.dot(v,v.T))/(np.dot(v.T,v))\n",
    "        \n",
    "        #H in größere Matrix umwandeln um an R zu multiplizieren\n",
    "        Hg = np.eye(m,m)\n",
    "\n",
    "        print(H)\n",
    "        for i in range(m- j):\n",
    "            Hg[i+j:, i+j:] = H[i:,i:]\n",
    "\n",
    "        R = np.dot(Hg,R)\n",
    "        \n",
    "         \n",
    "    return vList , R\n",
    "\n",
    "\n",
    "def ComputeQ(NormalList):\n",
    "    \"\"\"Given a normal list such as the one returned by householder() this \n",
    "       function computes the corresponding orthogonal matrix.\"\"\"\n",
    "    # TODO: Implement the function\n",
    "    \n",
    "    m = len(NormalList[0])\n",
    "    n = len(NormalList)\n",
    "    Q = np.eye(m)\n",
    "        \n",
    "    for j in range(len(NormalList)):\n",
    "        v = NormalList[j]\n",
    "        \n",
    "        #definiere H\n",
    "        H = np.eye(v.shape[0])\n",
    "        H -= 2*(np.dot(v,v.T))/(np.dot(v.T,v))\n",
    "        \n",
    "        #H in größere Matrix umwandeln um an R zu multiplizieren\n",
    "        Hg = np.eye(m,m)\n",
    "        for i in range(m- j):\n",
    "            Hg[i+j:, i+j:] = H[i:,i:]\n",
    "\n",
    "        Q = np.dot(Q, Hg)\n",
    "\n",
    "    return Q"
   ]
  },
  {
   "cell_type": "code",
   "execution_count": 11,
   "id": "8cded1d7",
   "metadata": {},
   "outputs": [
    {
     "name": "stdout",
     "output_type": "stream",
     "text": [
      "[[-0.10137924 -0.79455077 -0.30627225 -0.51440123]\n",
      " [-0.79455077  0.42679968 -0.22094919 -0.37109642]\n",
      " [-0.30627225 -0.22094919  0.91483162 -0.14304503]\n",
      " [-0.51440123 -0.37109642 -0.14304503  0.75974794]]\n",
      "[[-0.24026972 -0.69848878  0.67408003]\n",
      " [-0.69848878  0.60662865  0.37962495]\n",
      " [ 0.67408003  0.37962495  0.63364107]]\n",
      "[[-0.49890684  0.86665562]\n",
      " [ 0.86665562  0.49890684]]\n",
      "A: \n",
      " [[0.07533255 0.06394284 0.83435841]\n",
      " [0.59041217 0.91817069 0.98088546]\n",
      " [0.22758377 0.74048779 0.93737902]\n",
      " [0.38223957 0.06510438 0.41265618]]\n",
      "The following matrix should be upper triangular:\n",
      "[[-0.743 -0.996 -1.363]\n",
      " [ 0.    -0.638 -0.496]\n",
      " [ 0.     0.    -0.776]\n",
      " [ 0.    -0.     0.   ]]\n",
      "[[-0.101  0.058 -0.934 -0.337]\n",
      " [-0.795 -0.198  0.259 -0.512]\n",
      " [-0.306 -0.682 -0.233  0.621]\n",
      " [-0.514  0.701 -0.077  0.488]]\n",
      "If the solution consitutes a decomposition, the following is near zero:\n",
      "4.4256872386577647e-16\n",
      "If Q is unitary, the following is near zero:\n",
      "7.986663869107379e-16\n",
      "Q*R [[0.07533255 0.06394284 0.83435841]\n",
      " [0.59041217 0.91817069 0.98088546]\n",
      " [0.22758377 0.74048779 0.93737902]\n",
      " [0.38223957 0.06510438 0.41265618]]\n"
     ]
    }
   ],
   "source": [
    "if(__name__==\"__main__\"):\n",
    "    A=np.random.rand(4,3);\n",
    "    NormalList,R=Householder(A)\n",
    "    Q=ComputeQ(NormalList)\n",
    "    print(\"A: \\n\",A)\n",
    "    print(\"The following matrix should be upper triangular:\")\n",
    "    print(R.round(3))\n",
    "    print(Q.round(3))\n",
    "    print(\"If the solution consitutes a decomposition, the following is near zero:\")\n",
    "    print(la.norm(A-np.dot(Q,R)))\n",
    "    print(\"If Q is unitary, the following is near zero:\")\n",
    "    print(la.norm(np.dot(Q.T,Q)-np.eye(Q.shape[0])))\n"
   ]
  },
  {
   "cell_type": "code",
   "execution_count": null,
   "id": "443ca6f8",
   "metadata": {},
   "outputs": [],
   "source": []
  }
 ],
 "metadata": {
  "kernelspec": {
   "display_name": "Python 3 (ipykernel)",
   "language": "python",
   "name": "python3"
  },
  "language_info": {
   "codemirror_mode": {
    "name": "ipython",
    "version": 3
   },
   "file_extension": ".py",
   "mimetype": "text/x-python",
   "name": "python",
   "nbconvert_exporter": "python",
   "pygments_lexer": "ipython3",
   "version": "3.9.10"
  }
 },
 "nbformat": 4,
 "nbformat_minor": 5
}
